AT:29.450000:454.329657:454.329657:51892.354434
AT:21.550000:239.800512:211.975896:13045.637498
